length=10000, buffer=9000
n_units=5
max_energy=1.0
trotter_step=10
beta=1e-14
taudeltas=0.0625 0.0717936471873147 0.08246924442330592 0.09473228540689992 0.10881882041201557 0.12500000000000008 0.14358729437462947 0.1649384888466119 0.18946457081379994 0.21763764082403128 0.25000000000000033 0.28717458874925916 0.32987697769322405 0.3789291416276001 0.43527528164806284 0.5000000000000009 0.5743491774985187 0.6597539553864485 0.7578582832552008 0.8705505632961261 1.0000000000000024 1.148698354997038 1.3195079107728978 1.5157165665104024 1.7411011265922534 2.000000000000006 2.2973967099940773 2.6390158215457973 3.0314331330208066 3.482202253184509 4.000000000000015 4.594793419988157 5.278031643091598 6.062866266041617 6.964404506369022 8.000000000000034 9.189586839976322 10.556063286183202 12.12573253208324 13.928809012738053 16.000000000000078
layers=1 3 5
V=1
layer_strength=0.9, Ntrials=10
