length=10000, buffer=9000
n_units=5
max_energy=1.0
trotter_step=10
beta=1e-14
taudeltas=0.0078125 0.008373230176064788 0.008974205898414332 0.009618315729257152 0.010308655552913226 0.011048543456039792 0.011841535675862467 0.012691443693066158 0.013602352551501913 0.014578640492762583 0.015624999999999962 0.016746460352129535 0.017948411796828618 0.019236631458514255 0.020617311105826402 0.02209708691207953 0.02368307135172488 0.025382887386132254 0.027204705103003757 0.029157280985525096 0.031249999999999847 0.03349292070425899 0.03589682359365715 0.03847326291702841 0.0412346222116527 0.044194173824158946 0.04736614270344964 0.050765774772264384 0.05440941020600738 0.05831456197105005 0.062499999999999535 0.06698584140851781 0.07179364718731412 0.07694652583405664 0.08246924442330521 0.08838834764831768 0.09473228540689904 0.10153154954452852 0.1088188204120145 0.1166291239420998 0.12499999999999876 0.13397168281703528 0.1435872943746279 0.1538930516681129 0.16493848884661 0.17677669529663492 0.1894645708137976 0.20306309908905654 0.21763764082402845 0.23325824788419905 0.24999999999999692 0.26794336563406995 0.28717458874925506 0.3077861033362251 0.32987697769321916 0.35355339059326896 0.3789291416275943 0.4061261981781121 0.43527528164805585 0.46651649576839693 0.4999999999999926 0.5358867312681386 0.5743491774985088 0.6155722066724486 0.6597539553864368 0.7071067811865362 0.7578582832551867 0.8122523963562222 0.8705505632961096 0.9330329915367915 0.9999999999999828 1.0717734625362745 1.1486983549970147 1.231144413344894 1.3195079107728702 1.414213562373069 1.5157165665103698 1.6245047927124403 1.741101126592215 1.8660659830735786 1.9999999999999607 2.1435469250725436 2.2973967099940236 2.4622888266897824 2.6390158215457338 2.828427124746131 3.031433133020732 3.2490095854248726 3.482202253184421 3.732131966147148 3.999999999999911 4.287093850145077 4.594793419988036 4.9245776533795524 5.278031643091455 5.656854249492248 6.062866266041449 6.498019170849729 6.964404506368825 7.464263932294277 7.999999999999803 8.574187700290132 9.18958683997605 9.84915530675908 10.556063286182884 11.313708498984468 12.125732532082868 12.996038341699427 13.928809012737617 14.928527864588517 15.999999999999567 17.14837540058022 18.379173679952054 19.698310613518114 21.112126572365714 22.62741699796888 24.251465064165675 25.99207668339879 27.857618025475162 29.857055729176963 31.999999999999055
layers=5
V=1
layer_strength=0.08, Ntrials=10
