length=4000, buffer=2000
n_units=5
max_energy=1.0
trotter_step=10
beta=1e-14
taudeltas=0.0625 0.06698584140851832 0.0717936471873147 0.07694652583405728 0.08246924442330592 0.08838834764831847 0.09473228540689992 0.10153154954452949 0.10881882041201557 0.116629123942101 0.12500000000000008 0.13397168281703672 0.14358729437462947 0.15389305166811465 0.1649384888466119 0.17677669529663703 0.18946457081379994 0.2030630990890591 0.21763764082403128 0.23325824788420213 0.25000000000000033 0.2679433656340736 0.28717458874925916 0.3077861033362295 0.32987697769322405 0.3535533905932743 0.3789291416276001 0.40612619817811846 0.43527528164806284 0.46651649576840454 0.5000000000000009 0.5358867312681476 0.5743491774985187 0.6155722066724594 0.6597539553864485 0.707106781186549 0.7578582832552008 0.8122523963562374 0.8705505632961261 0.9330329915368096 1.0000000000000024 1.0717734625362956 1.148698354997038 1.2311444133449199 1.3195079107728978 1.4142135623730985 1.5157165665104024 1.6245047927124763 1.7411011265922534 1.86606598307362 2.000000000000006 2.143546925072594 2.2973967099940773 2.4622888266898397 2.6390158215457973 2.8284271247462005 3.0314331330208066 3.2490095854249526 3.482202253184509 3.7321319661472443 4.000000000000015 4.287093850145188 4.594793419988157 4.924577653379686 5.278031643091598 5.656854249492401 6.062866266041617 6.498019170849913 6.964404506369022 7.464263932294489 8.000000000000034 8.574187700290386 9.189586839976322 9.849155306759371 10.556063286183202 11.313708498984816 12.12573253208324 12.996038341699826 13.928809012738053 14.928527864588997 16.000000000000078 17.148375400580772 18.379173679952643 19.698310613518768 21.112126572366417 22.627416997969632 24.251465064166513 25.992076683399684 27.857618025476125 29.857055729177993 32.000000000000156 34.296750801161586 36.75834735990533 39.396621227037535 42.224253144732884 45.25483399593932 48.50293012833303 51.98415336679937 55.71523605095225 59.71411145835606 64.0000000000004 68.59350160232317 73.51669471981074 78.79324245407517 84.44850628946577 90.50966799187864 97.00586025666605 103.96830673359887 111.43047210190463 119.42822291671212 128.00000000000094
layers=1
V=1
layer_strength=0.0, Ntrials=1
