length=4000, buffer=2000
n_units=5
max_energy=1.0
trotter_step=10
beta=1e-14
taudeltas=0.0625 0.08838834764831845 0.125 0.1767766952966369 0.25 0.3535533905932738 0.5 0.7071067811865476 1.0 1.4142135623730951 2.0 2.8284271247461903 4.0 5.656854249492381 8.0 11.313708498984761 16.0 22.627416997969522 32.0 45.254833995939045 64.0 90.50966799187809 128.0
layers=1 2 3 4 5
V=1
layer_strength=0.9, Ntrials=1
