train_loss=0.0006024793342930062
val_loss=0.6675499789091538
hidden_unit_count=5
max_coupling_energy=1.0
trotter_step=10
beta=1e-14
virtual nodes=25
tau_delta=1.0
init_rho=0
transitient=2000
