length=5000, buffer=4000
hidden_unit_count=5
max_coupling_energy=0.25
trotter_step=10
beta=1e-14
taudeltas=0.0078125 0.015625 0.03125 0.0625 0.125 0.25 0.5 1.0 2.0 4.0 8.0 16.0 32.0 64.0 128.0
layers=5
Vs=1
strengths=0.1 0.9
net_trials=1, initial_distance=1e-05
