train_loss=0.0006361780711903355
val_loss=0.006437961096652113
hidden_unit_count=5
max_coupling_energy=1.0
trotter_step=10
beta=1e-14
virtual nodes=25
tau_delta=1.0
init_rho=1
