train_loss=0.0029731931366074843
val_loss=0.0028916297827325903
hidden_unit_count=5
max_coupling_energy=1.0
trotter_step=10
beta=1e-14
virtual nodes=2
tau_delta=1.0
init_rho=1
